0.0, 
1.0683760683760684E-5, 
4.2735042735042735E-5, 
1.7094017094017094E-4, 
7.158119658119658E-4, 
0.0025854700854700853, 
0.0069123931623931625, 
0.01454059829059829, 
0.025683760683760683, 
0.03982905982905983, 
0.055822649572649576, 
0.07137820512820513, 
0.08736111111111111, 
0.10355769230769231, 
0.11881410256410256, 
0.13289529914529916, 
0.14660256410256411, 
0.15903846153846155, 
0.1711431623931624, 
0.18237179487179486, 
0.1922863247863248, 
0.2017948717948718, 
0.21202991452991454, 
0.2225534188034188, 
0.2341880341880342, 
0.2450534188034188, 
0.2555769230769231, 
0.2661004273504273, 
0.2754380341880342, 
0.2849786324786325, 
0.29351495726495724, 
0.3020299145299145, 
0.3103418803418803, 
0.3185576923076923, 
0.3269444444444444, 
0.3343162393162393, 
0.342232905982906, 
0.3490918803418803, 
0.3561645299145299, 
0.3635576923076923, 
0.37135683760683763, 
0.37965811965811963, 
0.3883653846153846, 
0.3973824786324786, 
0.40542735042735045, 
0.41291666666666665, 
0.4208974358974359, 
0.4283119658119658, 
0.43567307692307694, 
0.4435576923076923, 
0.45103632478632477, 
0.4593482905982906, 
0.4666773504273504, 
0.47481837606837607, 
0.4838782051282051, 
0.49189102564102566, 
0.4999465811965812, 
0.5082478632478632, 
0.5162713675213675, 
0.525, 
0.534017094017094, 
0.5431623931623931, 
0.5526388888888889, 
0.5615277777777777, 
0.5705555555555556, 
0.5801282051282052, 
0.5881517094017094, 
0.5958440170940171, 
0.6031196581196581, 
0.6101709401709402, 
0.6172649572649572, 
0.6235149572649573, 
0.6297863247863248, 
0.6355876068376068, 
0.6413888888888889, 
0.6473290598290599, 
0.6534615384615384, 
0.6595405982905983, 
0.6651282051282051, 
0.6711965811965812, 
0.6770192307692308, 
0.6830021367521367, 
0.6889423076923077, 
0.6945619658119658, 
0.7005876068376068, 
0.7075, 
0.7151388888888889, 
0.7233226495726496, 
0.7321474358974359, 
0.7402136752136752, 
0.7480021367521368, 
0.7548824786324786, 
0.760534188034188, 
0.7655555555555555, 
0.7699145299145299, 
0.7735576923076923, 
0.7768589743589743, 
0.7794551282051282, 
0.7817307692307692, 
0.783568376068376, 
0.7850854700854701, 
0.7860683760683761, 
0.7871581196581197, 
0.7878739316239316, 
0.7883547008547008, 
0.7889850427350428, 
0.7894017094017094, 
0.7898504273504273, 
0.7902029914529914, 
0.790673076923077, 
0.7909615384615385, 
0.7913888888888889, 
0.7917628205128205, 
0.7921153846153847, 
0.7924893162393163, 
0.7929594017094017, 
0.793707264957265, 
0.7943803418803419, 
0.7952350427350428, 
0.7963247863247863, 
0.7974145299145299, 
0.7988141025641026, 
0.8002777777777778, 
0.8013461538461538, 
0.8025106837606838, 
0.8037286324786325, 
0.8050320512820512, 
0.806559829059829, 
0.8078632478632478, 
0.8092521367521367, 
0.8106517094017094, 
0.8119123931623932, 
0.8131410256410256, 
0.8144230769230769, 
0.8155448717948718, 
0.8167735042735043, 
0.8179594017094017, 
0.8189529914529915, 
0.8198397435897435, 
0.8204807692307692, 
0.8214957264957264, 
0.822457264957265, 
0.8232692307692308, 
0.8243910256410256, 
0.8249679487179488, 
0.8257051282051282, 
0.8265064102564103, 
0.8271901709401709, 
0.8280982905982905, 
0.8288675213675214, 
0.8298290598290599, 
0.8308653846153846, 
0.831741452991453, 
0.8327136752136752, 
0.8339636752136752, 
0.83491452991453, 
0.8360149572649572, 
0.8370726495726496, 
0.8381837606837607, 
0.8392735042735042, 
0.8408760683760684, 
0.8427457264957265, 
0.8448504273504274, 
0.8472970085470085, 
0.8503525641025641, 
0.8533653846153846, 
0.85625, 
0.8588888888888889, 
0.8616773504273504, 
0.8652136752136752, 
0.8689423076923077, 
0.873215811965812, 
0.8781303418803419, 
0.8828739316239316, 
0.887724358974359, 
0.8926175213675214, 
0.8973290598290599, 
0.901559829059829, 
0.905491452991453, 
0.9097649572649573, 
0.9137286324786325, 
0.9177777777777778, 
0.9212072649572649, 
0.9241559829059829, 
0.9273397435897436, 
0.9301923076923077, 
0.9334188034188035, 
0.937275641025641, 
0.941965811965812, 
0.9477457264957265, 
0.9540277777777778, 
0.9612286324786324, 
0.9687286324786325, 
0.9770299145299145, 
0.9851388888888889, 
0.991517094017094, 
0.9955662393162393, 
0.9979380341880342, 
0.9992094017094018, 
0.9997222222222222, 
0.9998824786324786, 
0.9999679487179487, 
1.0, 
1.0, 
1.0, 
1.0, 
1.0, 
1.0, 
1.0, 
1.0, 
1.0, 
1.0, 
1.0, 
1.0, 
1.0, 
1.0, 
1.0, 
1.0, 
1.0, 
1.0, 
1.0, 
1.0, 
1.0, 
1.0, 
1.0, 
1.0, 
1.0, 
1.0, 
1.0, 
1.0, 
1.0, 
1.0, 
1.0, 
1.0, 
1.0, 
1.0, 
1.0, 
1.0, 
1.0, 
1.0, 
1.0, 
1.0, 
1.0, 
1.0, 
1.0, 
1.0, 
1.0, 
1.0, 
1.0, 
1.0, 
1.0, 
1.0, 
1.0, 
1.0, 
1.0, 
1.0, 
