0.0, 
0.0, 
1.0683760683760684, 
1.0683760683760684, 
1.0683760683760684, 
8.547008547008547, 
4.0598290598290, 
0.00202991452991453, 
0.005170940170940171, 
0.010202991452991453, 
0.01799145299145299, 
0.027991452991452993, 
0.04049145299145299, 
0.054893162393162394, 
0.07019230769230769, 
0.08587606837606837, 
0.10148504273504273, 
0.1152991452991453, 
0.12941239316239317, 
0.1429273504273504, 
0.15538461538461537, 
0.16726495726495727, 
0.1782905982905983, 
0.18865384615384614, 
0.19762820512820511, 
0.20625, 
0.21377136752136752, 
0.22025641025641027, 
0.2259188034188034, 
0.23135683760683762, 
0.2364102564102564, 
0.2413034188034188, 
0.24598290598290598, 
0.25017094017094016, 
0.25463675213675213, 
0.2598076923076923, 
0.26485042735042735, 
0.27006410256410257, 
0.27552350427350425, 
0.2807264957264957, 
0.285982905982906, 
0.2917200854700855, 
0.29730769230769233, 
0.30252136752136755, 
0.30801282051282053, 
0.31303418803418803, 
0.31846153846153846, 
0.324241452991453, 
0.3295940170940171, 
0.334284188034188, 
0.33949786324786324, 
0.3441880341880342, 
0.3486217948717949, 
0.35340811965811963, 
0.3580982905982906, 
0.36277777777777775, 
0.3673397435897436, 
0.37183760683760686, 
0.3761645299145299, 
0.3806837606837607, 
0.38587606837606836, 
0.3910470085470085, 
0.39611111111111114, 
0.4016025641025641, 
0.4069017094017094, 
0.4129059829059829, 
0.41873931623931626, 
0.42480769230769233, 
0.4308440170940171, 
0.43743589743589745, 
0.44379273504273503, 
0.45001068376068376, 
0.45610042735042733, 
0.4619871794871795, 
0.46759615384615383, 
0.4733547008547008, 
0.47925213675213674, 
0.48460470085470086, 
0.4900534188034188, 
0.4954273504273504, 
0.5012606837606838, 
0.5076282051282052, 
0.5144230769230769, 
0.5218910256410256, 
0.5301282051282051, 
0.5389957264957265, 
0.5487179487179488, 
0.5580555555555555, 
0.5678418803418803, 
0.5772435897435897, 
0.586474358974359, 
0.5956730769230769, 
0.6053846153846154, 
0.6146260683760684, 
0.6229166666666667, 
0.6312927350427351, 
0.6387606837606837, 
0.6452136752136752, 
0.6518803418803418, 
0.6584829059829059, 
0.6657692307692308, 
0.6726282051282051, 
0.6787606837606838, 
0.6851602564102565, 
0.6913461538461538, 
0.6972649572649573, 
0.7035470085470086, 
0.7101068376068376, 
0.7163782051282052, 
0.723215811965812, 
0.7306623931623931, 
0.7383760683760684, 
0.7459508547008546, 
0.753792735042735, 
0.7614529914529915, 
0.7692841880341881, 
0.7762179487179487, 
0.782457264957265, 
0.787457264957265, 
0.7914209401709402, 
0.794284188034188, 
0.7962606837606837, 
0.7986538461538462, 
0.8008653846153846, 
0.8026602564102564, 
0.8043482905982906, 
0.8060897435897436, 
0.8078418803418803, 
0.8096047008547008, 
0.8111645299145299, 
0.8123611111111111, 
0.8136324786324787, 
0.8147435897435897, 
0.8160363247863248, 
0.8172115384615385, 
0.8185470085470086, 
0.8195619658119658, 
0.8204273504273504, 
0.8213782051282051, 
0.8223824786324786, 
0.8233974358974359, 
0.8243803418803419, 
0.8251602564102564, 
0.8261324786324786, 
0.8268696581196581, 
0.8276709401709401, 
0.8283653846153847, 
0.8292307692307692, 
0.8298931623931624, 
0.8306837606837607, 
0.8315384615384616, 
0.8326175213675213, 
0.8336004273504274, 
0.8348931623931624, 
0.8362393162393162, 
0.8377029914529914, 
0.8389102564102564, 
0.8405982905982906, 
0.8422863247863248, 
0.8442307692307692, 
0.8466559829059829, 
0.8497863247863248, 
0.853215811965812, 
0.8564423076923077, 
0.8596474358974359, 
0.8633119658119658, 
0.8676282051282052, 
0.8717628205128205, 
0.8763354700854701, 
0.8808974358974359, 
0.8852884615384615, 
0.8897222222222222, 
0.8944337606837607, 
0.8989529914529915, 
0.9031837606837607, 
0.9076602564102564, 
0.9117521367521367, 
0.9156196581196581, 
0.9192307692307692, 
0.9228311965811966, 
0.9260683760683761, 
0.9291773504273504, 
0.9323824786324786, 
0.936698717948718, 
0.9427350427350427, 
0.9502136752136752, 
0.9583547008547009, 
0.9658119658119658, 
0.973258547008547, 
0.9811965811965812, 
0.9887393162393162, 
0.9943162393162394, 
0.9975641025641026, 
0.9990918803418803, 
0.9996367521367522, 
0.9998611111111111, 
0.9999465811965812, 
0.9999893162393162, 
1.0, 
1.0, 
1.0, 
1.0, 
1.0, 
1.0, 
1.0, 
1.0, 
1.0, 
1.0, 
1.0, 
1.0, 
1.0, 
1.0, 
1.0, 
1.0, 
1.0, 
1.0, 
1.0, 
1.0, 
1.0, 
1.0, 
1.0, 
1.0, 
1.0, 
1.0, 
1.0, 
1.0, 
1.0, 
1.0, 
1.0, 
1.0, 
1.0, 
1.0, 
1.0, 
1.0, 
1.0, 
1.0, 
1.0, 
1.0, 
1.0, 
1.0, 
1.0, 
1.0, 
1.0, 
1.0, 
1.0, 
1.0, 
1.0, 
1.0, 
1.0, 
1.0, 
1.0, 
1.0, 
1.0, 
1.0, 
1.0, 
1.0, 
