0.0, 
0.0, 
0.0, 
0.0, 
0.0, 
3.205128205128205E-5, 
3.525641025641026E-4, 
0.001965811965811966, 
0.004925213675213675, 
0.009594017094017094, 
0.016923076923076923, 
0.02577991452991453, 
0.03584401709401709, 
0.04705128205128205, 
0.059465811965811965, 
0.07168803418803418, 
0.08259615384615385, 
0.09272435897435898, 
0.1027991452991453, 
0.11300213675213676, 
0.12299145299145299, 
0.1323931623931624, 
0.14182692307692307, 
0.1503525641025641, 
0.1585363247863248, 
0.16642094017094017, 
0.17365384615384616, 
0.18072649572649574, 
0.1861965811965812, 
0.1909508547008547, 
0.1950854700854701, 
0.19903846153846153, 
0.2025320512820513, 
0.20586538461538462, 
0.20903846153846153, 
0.21240384615384617, 
0.2152991452991453, 
0.2176602564102564, 
0.21996794871794872, 
0.22230769230769232, 
0.22442307692307692, 
0.22641025641025642, 
0.2283119658119658, 
0.2302991452991453, 
0.23202991452991453, 
0.23342948717948717, 
0.2350534188034188, 
0.23686965811965813, 
0.23846153846153847, 
0.2401923076923077, 
0.24175213675213675, 
0.24388888888888888, 
0.24613247863247864, 
0.24847222222222223, 
0.25099358974358976, 
0.25351495726495726, 
0.2564102564102564, 
0.2591773504273504, 
0.26224358974358974, 
0.26580128205128206, 
0.2693910256410256, 
0.2730448717948718, 
0.27666666666666667, 
0.27992521367521367, 
0.2830448717948718, 
0.2861431623931624, 
0.28967948717948716, 
0.29338675213675214, 
0.29678418803418805, 
0.3000854700854701, 
0.30362179487179486, 
0.30680555555555555, 
0.3104273504273504, 
0.31398504273504274, 
0.31754273504273506, 
0.32076923076923075, 
0.3241880341880342, 
0.3276495726495727, 
0.330982905982906, 
0.33413461538461536, 
0.3370619658119658, 
0.34021367521367524, 
0.3434294871794872, 
0.346517094017094, 
0.34983974358974357, 
0.35330128205128203, 
0.3568482905982906, 
0.3605555555555556, 
0.3641559829059829, 
0.3673717948717949, 
0.3707692307692308, 
0.3742628205128205, 
0.3774145299145299, 
0.3806303418803419, 
0.3840811965811966, 
0.38754273504273506, 
0.39121794871794874, 
0.39487179487179486, 
0.3989102564102564, 
0.40278846153846154, 
0.4070619658119658, 
0.41160256410256413, 
0.4163034188034188, 
0.421474358974359, 
0.4271153846153846, 
0.4327991452991453, 
0.43862179487179487, 
0.44504273504273506, 
0.45134615384615384, 
0.4583119658119658, 
0.46510683760683763, 
0.4719871794871795, 
0.4791025641025641, 
0.4865491452991453, 
0.4934188034188034, 
0.5008760683760684, 
0.507991452991453, 
0.5152243589743589, 
0.5228205128205128, 
0.5309615384615385, 
0.5389102564102564, 
0.5471688034188035, 
0.5553739316239317, 
0.5636431623931624, 
0.5724252136752137, 
0.5800213675213676, 
0.5875106837606837, 
0.5944337606837606, 
0.6019978632478632, 
0.6095085470085471, 
0.6174038461538461, 
0.6256089743589743, 
0.6338782051282051, 
0.6419658119658119, 
0.6501388888888889, 
0.6579059829059829, 
0.6658333333333334, 
0.6737286324786325, 
0.6808440170940171, 
0.6879380341880342, 
0.6947542735042735, 
0.7017735042735043, 
0.7086431623931624, 
0.7151602564102564, 
0.72125, 
0.7278846153846154, 
0.7348504273504274, 
0.7425641025641025, 
0.7499358974358974, 
0.7585897435897436, 
0.7680769230769231, 
0.7785897435897436, 
0.7891773504273504, 
0.7989423076923077, 
0.8086111111111111, 
0.818258547008547, 
0.8277777777777777, 
0.8373931623931624, 
0.8465277777777778, 
0.8551602564102564, 
0.8631089743589744, 
0.8699038461538462, 
0.8758760683760684, 
0.8818803418803419, 
0.8872435897435897, 
0.8922435897435897, 
0.8964209401709402, 
0.9006944444444445, 
0.9047222222222222, 
0.9082371794871795, 
0.9121047008547009, 
0.9156623931623932, 
0.9192094017094017, 
0.9222542735042735, 
0.9253418803418804, 
0.9286217948717949, 
0.9322435897435898, 
0.9361965811965812, 
0.9413782051282051, 
0.9473183760683761, 
0.9538995726495727, 
0.9609188034188034, 
0.9671260683760684, 
0.9724252136752137, 
0.978258547008547, 
0.9851388888888889, 
0.9916025641025641, 
0.9961111111111111, 
0.9984401709401709, 
0.9993803418803419, 
0.999775641025641, 
0.9999358974358974, 
0.9999786324786325, 
0.9999893162393162, 
0.9999893162393162, 
0.9999893162393162, 
1.0, 
1.0, 
1.0, 
1.0, 
1.0, 
1.0, 
1.0, 
1.0, 
1.0, 
1.0, 
1.0, 
1.0, 
1.0, 
1.0, 
1.0, 
1.0, 
1.0, 
1.0, 
1.0, 
1.0, 
1.0, 
1.0, 
1.0, 
1.0, 
1.0, 
1.0, 
1.0, 
1.0, 
1.0, 
1.0, 
1.0, 
1.0, 
1.0, 
1.0, 
1.0, 
1.0, 
1.0, 
1.0, 
1.0, 
1.0, 
1.0, 
1.0, 
1.0, 
1.0, 
1.0, 
1.0, 
1.0, 
1.0, 
1.0, 
1.0, 
1.0, 
1.0, 
1.0, 
1.0, 
1.0, 
1.0, 
1.0, 
1.0, 
1.0, 
1.0, 
